1 0.2921875 0.44453125 0.08046875 0.28125
1 0.09296875 0.44765625 0.1140625 0.27421875
1 0.503125 0.4484375 0.25625 0.284375
1 0.90234375 0.453125 0.14140625 0.28984375
1 0.709375 0.4546875 0.12734375 0.29296875
1 0.721875 0.7546875 0.12890625 0.27890625
1 0.296875 0.75546875 0.14609375 0.29765625
1 0.1015625 0.75625 0.1140625 0.271875
1 0.503125 0.7609375 0.12109375 0.29140625
1 0.9 0.7640625 0.11640625 0.28515625
1 0.29765625 0.15 0.14140625 0.27265625
1 0.50625 0.15078125 0.1125 0.27578125
1 0.09765625 0.15234375 0.10703125 0.278125
1 0.70390625 0.15390625 0.1296875 0.27578125
1 0.90703125 0.15859375 0.0875 0.26953125